function gen_thalassa_data()  
% ============================================================  
% 生成 THALASSA 批处理数据，保证每个任务结果写到自己的目录  
% 这个主函数会批量创建多个任务目录，每个任务包含 input.txt / object.txt 等文件，用 THALASSA 运行仿真。  
% ============================================================  

%clc; %% 清空命令行窗口，便于运行时输出更干净
1
%% ======== 1) 路径设置 ========
outDir      = '/public/home/guojg/thalassa_dir/output_batch2'; %% 批处理生成的总输出目录（根目录）
tmpl_input  = '/public/home/guojg/thalassa_dir/templates/input_template.txt'; %% input.txt 模板路径
tmpl_object = '/public/home/guojg/thalassa_dir/templates/object_template.txt'; %% object.txt 模板路径
2
%% ======== 2) 模板轨道参数行号（基于你的模板） ========
line_MJD  = 4;   %% MJD（历元）所在行号（从 1 开始计数）
line_SMA  = 5;   %% 半长轴 (SMA) 所在行号
line_ECC  = 6;   %% 偏心率 (ECC) 所在行号
line_INC  = 7;   %% 倾角 (INC) 所在行号
line_RAAN = 8;   %% 升交点赤经 (RAAN) 所在行号
line_AOP  = 9;   %% 近地点幅角 (AOP) 所在行号
line_M    = 10;  %% 平近点角 (M) 所在行号
%% 这些行号对应到 object_template.txt 中具体要替换的行位置
3
%% ======== 3) 轨道数据（单位 km / deg） ========
% orbits 数组的每行是一组任务的轨道六根数 [SMA, ECC, INC, RAAN, AOP, M]
% 通常的轨道六根数指的是：半长轴aa、离心率ee、轨道倾角ii、近心点辐角ωω、升交点经度ΩΩ和真近点角φφ。
% orbits = [
%     7577.6  0.001  87.9   3.0    45.2   126.8;
%     9209.8  0.218  106.3  347.2  56.7   255.5;
%     8486.6  0.189  34.7   48.7   224.3  188.5;
%     10434.8 0.313  171.4  327.5  256.3  291.2;
%     7988.8  0.143  57.1   38.4   59.9   142.7;
%     7958.9  0.047  132.2  313.4  316.1  188.3
% ];
% orbits = [
%           7577.60000001061        0.0010000000369227          87.9000000006779           2.9999999999682          45.1999998527718          126.800000322319
%           9251.63679776762         0.227821610241346          106.291806807187          347.353630677572          59.2656642773955          251.524391183035
%           8273.44655133294         0.126735003675476          34.6949215504854          51.1738566360496          232.125682195304          20.7594739338733
%           10465.4578750431          0.31842028429667          171.396802168152          327.395970644402          255.103767618009          140.103157455039
%           8196.10427553028         0.202478696558185          57.0643860493474          37.2017730520636          64.6788525081074          10.5577511165794
%           7951.25888690323         0.050715616782605          132.190553183556          313.182078122604          292.996769340674          69.1694333817394
%           ];
 orbits = [
           7577.60000008244      0.000999999976913037          87.9000000000127          3.00000000003493          45.1999998421907          126.800001089681
            9251.6366397964         0.227821588355307          106.291806861959          347.353630837485          59.2656537341684          251.523375442668
           8273.44656380918          0.12673502182546          34.6949213399883          51.1738541664623          232.125677125198          20.7600098208097
           10465.4578139565         0.318420276611226          171.396802320078          327.395976650469          255.103775344434          140.102743128072
           8196.10422510842         0.202478734754352          57.0643852105944          37.2017642575161          64.6788151838103          10.5611435847122
           7951.25888696479        0.0507156201081185          132.190553200232          313.182078967244          292.996760434422          69.1694500586486
           7577.60000008244      0.000999999976913037          87.9000000000127          3.00000000003493          45.1999998421907          126.800001089681
            9251.6366397964         0.227821588355307          106.291806861959          347.353630837485          59.2656537341684          251.523375442668
           8273.44656380918          0.12673502182546          34.6949213399883          51.1738541664623          232.125677125198          20.7600098208097
           10465.4578139565         0.318420276611226          171.396802320078          327.395976650469          255.103775344434          140.102743128072
           8196.10422510842         0.202478734754352          57.0643852105944          37.2017642575161          64.6788151838103          10.5611435847122
           7951.25888696479        0.0507156201081185          132.190553200232          313.182078967244          292.996760434422          69.1694500586486
           7577.60000008244      0.000999999976913037          87.9000000000127          3.00000000003493          45.1999998421907          126.800001089681
            9251.6366397964         0.227821588355307          106.291806861959          347.353630837485          59.2656537341684          251.523375442668
           8273.44656380918          0.12673502182546          34.6949213399883          51.1738541664623          232.125677125198          20.7600098208097
           10465.4578139565         0.318420276611226          171.396802320078          327.395976650469          255.103775344434          140.102743128072
           8196.10422510842         0.202478734754352          57.0643852105944          37.2017642575161          64.6788151838103          10.5611435847122
           7951.25888696479        0.0507156201081185          132.190553200232          313.182078967244          292.996760434422          69.1694500586486
           7577.60000008244      0.000999999976913037          87.9000000000127          3.00000000003493          45.1999998421907          126.800001089681
            9251.6366397964         0.227821588355307          106.291806861959          347.353630837485          59.2656537341684          251.523375442668
           8273.44656380918          0.12673502182546          34.6949213399883          51.1738541664623          232.125677125198          20.7600098208097
           10465.4578139565         0.318420276611226          171.396802320078          327.395976650469          255.103775344434          140.102743128072
           8196.10422510842         0.202478734754352          57.0643852105944          37.2017642575161          64.6788151838103          10.5611435847122
           7951.25888696479        0.0507156201081185          132.190553200232          313.182078967244          292.996760434422          69.1694500586486
           7577.60000008244      0.000999999976913037          87.9000000000127          3.00000000003493          45.1999998421907          126.800001089681
            9251.6366397964         0.227821588355307          106.291806861959          347.353630837485          59.2656537341684          251.523375442668
           8273.44656380918          0.12673502182546          34.6949213399883          51.1738541664623          232.125677125198          20.7600098208097
           10465.4578139565         0.318420276611226          171.396802320078          327.395976650469          255.103775344434          140.102743128072
           8196.10422510842         0.202478734754352          57.0643852105944          37.2017642575161          64.6788151838103          10.5611435847122
           7951.25888696479        0.0507156201081185          132.190553200232          313.182078967244          292.996760434422          69.1694500586486
           7577.60000008244      0.000999999976913037          87.9000000000127          3.00000000003493          45.1999998421907          126.800001089681
            9251.6366397964         0.227821588355307          106.291806861959          347.353630837485          59.2656537341684          251.523375442668
           8273.44656380918          0.12673502182546          34.6949213399883          51.1738541664623          232.125677125198          20.7600098208097
           10465.4578139565         0.318420276611226          171.396802320078          327.395976650469          255.103775344434          140.102743128072
           8196.10422510842         0.202478734754352          57.0643852105944          37.2017642575161          64.6788151838103          10.5611435847122
